{
 "cells": [
  {
   "cell_type": "code",
   "execution_count": 2,
   "metadata": {},
   "outputs": [],
   "source": [
    "import numpy as xp"
   ]
  },
  {
   "cell_type": "code",
   "execution_count": 2,
   "metadata": {},
   "outputs": [],
   "source": [
    "# J1\n",
    "Jnonlocal = xp.array([[-0.01643064,  0.01864956,  0.01674218,  0.00209643,  0.00465191,\n",
    "        -0.00744647, -0.00811836,  0.02234661],\n",
    "       [ 0.01864956,  0.0214118 , -0.01692367,  0.01016054, -0.01115876,\n",
    "        -0.01989008, -0.00386384,  0.0228112 ],\n",
    "       [ 0.01674218, -0.01692367,  0.01525941, -0.00418664, -0.00305932,\n",
    "        -0.01690073, -0.01102488,  0.02005832],\n",
    "       [ 0.00209643,  0.01016054, -0.00418664, -0.00718244, -0.00530487,\n",
    "        -0.00892099, -0.00062421,  0.00946977],\n",
    "       [ 0.00465191, -0.01115876, -0.00305932, -0.00530487, -0.00558693,\n",
    "         0.01067407, -0.00822471,  0.01048731],\n",
    "       [-0.00744647, -0.01989008, -0.01690073, -0.00892099,  0.01067407,\n",
    "        -0.01152715,  0.01393293,  0.02273729],\n",
    "       [-0.00811836, -0.00386384, -0.01102488, -0.00062421, -0.00822471,   \n",
    "         0.01393293, -0.00060082,  0.01211531],\n",
    "       [ 0.02234661,  0.0228112 ,  0.02005832,  0.00946977,  0.01048731,\n",
    "         0.02273729,  0.01211531,  0.02442931]])\n",
    "\n",
    "Jlocal = xp.array([0.2614618 , 0.27433517, 0.21204118, 0.10831249, 0.07385284,\n",
    "       0.28671323, 0.15146697, 0.43785084])"
   ]
  },
  {
   "cell_type": "code",
   "execution_count": 3,
   "metadata": {},
   "outputs": [],
   "source": [
    "# A bit iffy\n",
    "\n",
    "Jnonlocal = xp.array([[-0.01529171,  0.00908568,  0.01589276, -0.02106293, -0.01478479,\n",
    "         0.01492431,  0.01892285, -0.01578679],\n",
    "       [ 0.00908568, -0.00308596,  0.00265849, -0.0124972 ,  0.00192501,\n",
    "         0.00736245,  0.00198499,  0.00125685],\n",
    "       [ 0.01589276,  0.00265849,  0.00599818,  0.02222196, -0.00996714,\n",
    "         0.02221929, -0.02317897,  0.02080307],\n",
    "       [-0.02106293, -0.0124972 ,  0.02222196, -0.03239903, -0.02772976,\n",
    "         0.00013437, -0.02921603,  0.00858628],\n",
    "       [-0.01478479,  0.00192501, -0.00996714, -0.02772976, -0.02156392,\n",
    "         0.00228373,  0.00747826, -0.02425567],\n",
    "       [ 0.01492431,  0.00736245,  0.02221929,  0.00013437,  0.00228373,\n",
    "         0.01136621, -0.02070328, -0.02090944],\n",
    "       [ 0.01892285,  0.00198499, -0.02317897, -0.02921603,  0.00747826,\n",
    "        -0.02070328,  0.01640265,  0.00665183],\n",
    "       [-0.01578679,  0.00125685,  0.02080307,  0.00858628, -0.02425567,\n",
    "        -0.02090944,  0.00665183, -0.02518694]])\n",
    "\n",
    "Jlocal = xp.array([0.22260246, 0.061623  , 0.35149763, 0.41315058, 0.42024242,\n",
    "       0.23901901, 0.3360274 , 0.32162899])"
   ]
  },
  {
   "cell_type": "code",
   "execution_count": 4,
   "metadata": {},
   "outputs": [],
   "source": [
    "Jnonlocal = xp.array([[-0.02101302, -0.02641075,  0.01058269, -0.02154773,  0.02387438,\n",
    "         0.01322487, -0.01446043,  0.00392532],\n",
    "       [-0.02641075, -0.027309  ,  0.0135551 ,  0.03145228, -0.02950795,\n",
    "        -0.02992879,  0.00256984, -0.02154862],\n",
    "       [ 0.01058269,  0.0135551 ,  0.00765711,  0.00523341,  0.00628869,\n",
    "         0.00424484,  0.01491084, -0.00348891],\n",
    "       [-0.02154773,  0.03145228,  0.00523341, -0.0006023 , -0.02017667,\n",
    "        -0.00785015, -0.01726751,  0.02809616],\n",
    "       [ 0.02387438, -0.02950795,  0.00628869, -0.02017667,  0.02847652,\n",
    "         0.01673676, -0.00268942,  0.0034093 ],\n",
    "       [ 0.01322487, -0.02992879,  0.00424484, -0.00785015,  0.01673676,\n",
    "         0.02899308, -0.0173226 , -0.00795323],\n",
    "       [-0.01446043,  0.00256984,  0.01491084, -0.01726751, -0.00268942,\n",
    "        -0.0173226 , -0.01001909, -0.00176161],\n",
    "       [ 0.00392532, -0.02154862, -0.00348891,  0.02809616,  0.0034093 ,\n",
    "        -0.00795323, -0.00176161,  0.02685981]])\n",
    "\n",
    "Jlocal = xp.array([0.35206005, 0.39759318, 0.33440083, 0.40601764, 0.36838753,\n",
    "       0.36979799, 0.14270021, 0.37264269])"
   ]
  },
  {
   "cell_type": "code",
   "execution_count": 5,
   "metadata": {},
   "outputs": [],
   "source": [
    "Jnonlocal = xp.array([[-0.01248809, -0.00465449, -0.0185154 , -0.01898406,  0.0089018 ,\n",
    "        -0.00812549, -0.00285231, -0.02049521],\n",
    "       [-0.00465449, -0.02391487, -0.02605699,  0.00601401, -0.0149064 ,\n",
    "        -0.01843749,  0.02278616, -0.01722478],\n",
    "       [-0.0185154 , -0.02605699, -0.01378609, -0.00805576, -0.0231565 ,\n",
    "        -0.02198021,  0.02766301, -0.02195618],\n",
    "       [-0.01898406,  0.00601401, -0.00805576, -0.00915318,  0.02013614,\n",
    "        -0.01091512, -0.02316181,  0.01006575],\n",
    "       [ 0.0089018 , -0.0149064 , -0.0231565 ,  0.02013614, -0.01440813,\n",
    "        -0.01587021, -0.01325   , -0.01889336],\n",
    "       [-0.00812549, -0.01843749, -0.02198021, -0.01091512, -0.01587021,\n",
    "         0.02714924,  0.00529316,  0.02715301],\n",
    "       [-0.00285231,  0.02278616,  0.02766301, -0.02316181, -0.01325   ,\n",
    "         0.00529316,  0.00319944, -0.03006941],\n",
    "       [-0.02049521, -0.01722478, -0.02195618,  0.01006575, -0.01889336,\n",
    "         0.02715301, -0.03006941, -0.02956456]])\n",
    "\n",
    "Jlocal = xp.array([0.21060148, 0.34664371, 0.33628909, 0.33498551, 0.29726477,\n",
    "       0.40977335, 0.37633074, 0.39130379])"
   ]
  },
  {
   "cell_type": "code",
   "execution_count": 6,
   "metadata": {},
   "outputs": [],
   "source": [
    "Jnonlocal = xp.array([[ 0.00447065, -0.01338754,  0.00533918, -0.01057596,  0.0087412 ,\n",
    "        -0.01287376,  0.00904895, -0.00041513],\n",
    "       [-0.01338754, -0.02614512, -0.00776889, -0.02318552, -0.01760852,\n",
    "         0.02550415, -0.00188145,  0.01237173],\n",
    "       [ 0.00533918, -0.00776889, -0.02921891, -0.01330758, -0.01071598,\n",
    "         0.01118307,  0.01726847, -0.03002102],\n",
    "       [-0.01057596, -0.02318552, -0.01330758, -0.0190962 , -0.01773942,\n",
    "        -0.02044325,  0.00925392, -0.02449537],\n",
    "       [ 0.0087412 , -0.01760852, -0.01071598, -0.01773942,  0.00758368,\n",
    "         0.01957528, -0.01233013,  0.00995172],\n",
    "       [-0.01287376,  0.02550415,  0.01118307, -0.02044325,  0.01957528,\n",
    "         0.02217104,  0.01966878, -0.02618879],\n",
    "       [ 0.00904895, -0.00188145,  0.01726847,  0.00925392, -0.01233013,\n",
    "         0.01966878,  0.00829509,  0.02486231],\n",
    "       [-0.00041513,  0.01237173, -0.03002102, -0.02449537,  0.00995172,\n",
    "        -0.02618879,  0.02486231, -0.03168073]])\n",
    "\n",
    "Jlocal = xp.array([0.21060148, 0.34664371, 0.33628909, 0.33498551, 0.29726477,\n",
    "       0.40977335, 0.37633074, 0.39130379])"
   ]
  },
  {
   "cell_type": "code",
   "execution_count": 7,
   "metadata": {},
   "outputs": [],
   "source": [
    "Jnonlocal = xp.array([[ 0.00447065, -0.01338754,  0.00533918, -0.01057596,  0.0087412 ,\n",
    "        -0.01287376,  0.00904895, -0.00041513],\n",
    "       [-0.01338754, -0.02614512, -0.00776889, -0.02318552, -0.01760852,\n",
    "         0.02550415, -0.00188145,  0.01237173],\n",
    "       [ 0.00533918, -0.00776889, -0.02921891, -0.01330758, -0.01071598,\n",
    "         0.01118307,  0.01726847, -0.03002102],\n",
    "       [-0.01057596, -0.02318552, -0.01330758, -0.0190962 , -0.01773942,\n",
    "        -0.02044325,  0.00925392, -0.02449537],\n",
    "       [ 0.0087412 , -0.01760852, -0.01071598, -0.01773942,  0.00758368,\n",
    "         0.01957528, -0.01233013,  0.00995172],\n",
    "       [-0.01287376,  0.02550415,  0.01118307, -0.02044325,  0.01957528,\n",
    "         0.02217104,  0.01966878, -0.02618879],\n",
    "       [ 0.00904895, -0.00188145,  0.01726847,  0.00925392, -0.01233013,\n",
    "         0.01966878,  0.00829509,  0.02486231],\n",
    "       [-0.00041513,  0.01237173, -0.03002102, -0.02449537,  0.00995172,\n",
    "        -0.02618879,  0.02486231, -0.03168073]])\n",
    "\n",
    "Jlocal = xp.array([0.39326185, 0.39232447, 0.38332494, 0.27260698, 0.27224867,\n",
    "       0.36326279, 0.27320803, 0.34662009])"
   ]
  },
  {
   "cell_type": "code",
   "execution_count": 8,
   "metadata": {},
   "outputs": [],
   "source": [
    "# X ferromagnet\n",
    "\n",
    "Jnonlocal = xp.array([[ 0.01113962,  0.01102181, -0.02464969, -0.01329433,  0.00365641,\n",
    "         0.00761624,  0.01235853,  0.02575285],\n",
    "       [ 0.01102181,  0.00692442, -0.00934884, -0.00317843, -0.01658929,\n",
    "         0.0108811 , -0.00792316, -0.01456893],\n",
    "       [-0.02464969, -0.00934884,  0.01998556,  0.02591054,  0.02668045,\n",
    "        -0.01201205, -0.00957947,  0.02524445],\n",
    "       [-0.01329433, -0.00317843,  0.02591054, -0.02165147,  0.02620207,\n",
    "        -0.02326615, -0.02106422, -0.02014082],\n",
    "       [ 0.00365641, -0.01658929,  0.02668045,  0.02620207,  0.00115154,\n",
    "        -0.0164785 , -0.00911919, -0.01940569],\n",
    "       [ 0.00761624,  0.0108811 , -0.01201205, -0.02326615, -0.0164785 ,\n",
    "        -0.00596439, -0.0059864 ,  0.0237519 ],\n",
    "       [ 0.01235853, -0.00792316, -0.00957947, -0.02106422, -0.00911919,\n",
    "        -0.0059864 , -0.01758766,  0.02201597],\n",
    "       [ 0.02575285, -0.01456893,  0.02524445, -0.02014082, -0.01940569,\n",
    "         0.0237519 ,  0.02201597,  0.0234406 ]])\n",
    "\n",
    "Jlocal = xp.array([0.31391781, 0.12541217, 0.3431278 , 0.32343016, 0.40713542,\n",
    "       0.28099398, 0.22447982, 0.35209991])"
   ]
  },
  {
   "cell_type": "code",
   "execution_count": 9,
   "metadata": {},
   "outputs": [],
   "source": [
    "Jnonlocal = xp.array([[ 1.59332402e-02, -8.64170468e-04,  1.07896599e-02,\n",
    "        -2.44313732e-02, -2.49924926e-02, -9.23654222e-03,\n",
    "        -1.47695715e-02, -9.63453230e-03],\n",
    "       [-8.64170468e-04,  3.20186313e-05,  8.18349494e-03,\n",
    "         2.28186118e-02,  1.81620680e-02,  1.97324353e-02,\n",
    "         2.75623456e-03, -1.63083073e-02],\n",
    "       [ 1.07896599e-02,  8.18349494e-03,  6.89374040e-03,\n",
    "        -8.93128452e-03,  1.63687689e-02, -2.46234804e-02,\n",
    "        -2.58738779e-02, -2.52224098e-02],\n",
    "       [-2.44313732e-02,  2.28186118e-02, -8.93128452e-03,\n",
    "         8.64504786e-03, -7.13683058e-03, -2.95218486e-02,\n",
    "        -1.74809189e-02,  3.21280874e-02],\n",
    "       [-2.49924926e-02,  1.81620680e-02,  1.63687689e-02,\n",
    "        -7.13683058e-03,  9.71968756e-03,  1.87406841e-02,\n",
    "         3.57652918e-03, -2.19689624e-02],\n",
    "       [-9.23654222e-03,  1.97324353e-02, -2.46234804e-02,\n",
    "        -2.95218486e-02,  1.87406841e-02,  8.41242907e-03,\n",
    "         2.42121551e-02, -2.60686852e-02],\n",
    "       [-1.47695715e-02,  2.75623456e-03, -2.58738779e-02,\n",
    "        -1.74809189e-02,  3.57652918e-03,  2.42121551e-02,\n",
    "        -6.77147621e-03, -3.09017729e-03],\n",
    "       [-9.63453230e-03, -1.63083073e-02, -2.52224098e-02,\n",
    "         3.21280874e-02, -2.19689624e-02, -2.60686852e-02,\n",
    "        -3.09017729e-03, -2.64755186e-02]])\n",
    "\n",
    "Jlocal = xp.array([0.34068929, 0.20872625, 0.36922098, 0.41888054, 0.38874864,\n",
    "       0.34288211, 0.3223024 , 0.40863063])"
   ]
  },
  {
   "cell_type": "code",
   "execution_count": 10,
   "metadata": {},
   "outputs": [],
   "source": [
    "Jnonlocal = xp.array([[ 0.01001959, -0.01855191,  0.01677798,  0.01870797, -0.00122536,\n",
    "         0.01537124,  0.01203329,  0.0277242 ],\n",
    "       [-0.01855191, -0.02660019,  0.01745555, -0.0241761 , -0.02733068,\n",
    "        -0.02713826,  0.02403311, -0.02030278],\n",
    "       [ 0.01677798,  0.01745555, -0.02411501, -0.01041852,  0.01615795,\n",
    "        -0.02471925, -0.01993148, -0.02240593],\n",
    "       [ 0.01870797, -0.0241761 , -0.01041852, -0.00189994, -0.0159306 ,\n",
    "         0.00985805, -0.01087948, -0.01688569],\n",
    "       [-0.00122536, -0.02733068,  0.01615795, -0.0159306 , -0.00364729,\n",
    "        -0.02912002,  0.01911038, -0.00988883],\n",
    "       [ 0.01537124, -0.02713826, -0.02471925,  0.00985805, -0.02912002,\n",
    "        -0.01627733, -0.02497053,  0.01161151],\n",
    "       [ 0.01203329,  0.02403311, -0.01993148, -0.01087948,  0.01911038,\n",
    "        -0.02497053, -0.01029416, -0.0227814 ],\n",
    "       [ 0.0277242 , -0.02030278, -0.02240593, -0.01688569, -0.00988883,\n",
    "         0.01161151, -0.0227814 , -0.02670684]])\n",
    "\n",
    "Jlocal = xp.array([0.32023813, 0.35082006, 0.30821375, 0.38399414, 0.40744766,\n",
    "       0.34264938, 0.31490033, 0.39168136])"
   ]
  },
  {
   "cell_type": "code",
   "execution_count": 11,
   "metadata": {},
   "outputs": [],
   "source": [
    "Jnonlocal = xp.array([[-0.00374402, -0.02807214,  0.0010209 ,  0.02606124, -0.01853942,\n",
    "         0.01279803, -0.00569422,  0.00469676],\n",
    "       [-0.02807214, -0.0233886 , -0.01967226, -0.02804612,  0.01965105,\n",
    "        -0.01196591, -0.0127998 , -0.02447578],\n",
    "       [ 0.0010209 , -0.01967226,  0.01211801, -0.00139708,  0.01743657,\n",
    "         0.01013923,  0.01778654,  0.00793088],\n",
    "       [ 0.02606124, -0.02804612, -0.00139708, -0.01993447, -0.01051729,\n",
    "         0.00869763, -0.02557603,  0.00403216],\n",
    "       [-0.01853942,  0.01965105,  0.01743657, -0.01051729,  0.01402848,\n",
    "        -0.02997643,  0.0241369 , -0.02538518],\n",
    "       [ 0.01279803, -0.01196591,  0.01013923,  0.00869763, -0.02997643,\n",
    "        -0.02763681,  0.02525687, -0.01384784],\n",
    "       [-0.00569422, -0.0127998 ,  0.01778654, -0.02557603,  0.0241369 ,\n",
    "         0.02525687, -0.02346409, -0.01717207],\n",
    "       [ 0.00469676, -0.02447578,  0.00793088,  0.00403216, -0.02538518,\n",
    "        -0.01384784, -0.01717207,  0.01494097]])\n",
    "\n",
    "Jlocal = xp.array([0.32023813, 0.35082006, 0.30821375, 0.38399414, 0.40744766,\n",
    "       0.34264938, 0.31490033, 0.39168136])"
   ]
  },
  {
   "cell_type": "code",
   "execution_count": 12,
   "metadata": {},
   "outputs": [],
   "source": [
    "Jnonlocals = xp.array([\n",
    "    xp.array([[-0.01643064,  0.01864956,  0.01674218,  0.00209643,  0.00465191,\n",
    "        -0.00744647, -0.00811836,  0.02234661],\n",
    "       [ 0.01864956,  0.0214118 , -0.01692367,  0.01016054, -0.01115876,\n",
    "        -0.01989008, -0.00386384,  0.0228112 ],\n",
    "       [ 0.01674218, -0.01692367,  0.01525941, -0.00418664, -0.00305932,\n",
    "        -0.01690073, -0.01102488,  0.02005832],\n",
    "       [ 0.00209643,  0.01016054, -0.00418664, -0.00718244, -0.00530487,\n",
    "        -0.00892099, -0.00062421,  0.00946977],\n",
    "       [ 0.00465191, -0.01115876, -0.00305932, -0.00530487, -0.00558693,\n",
    "         0.01067407, -0.00822471,  0.01048731],\n",
    "       [-0.00744647, -0.01989008, -0.01690073, -0.00892099,  0.01067407,\n",
    "        -0.01152715,  0.01393293,  0.02273729],\n",
    "       [-0.00811836, -0.00386384, -0.01102488, -0.00062421, -0.00822471,   \n",
    "         0.01393293, -0.00060082,  0.01211531],\n",
    "       [ 0.02234661,  0.0228112 ,  0.02005832,  0.00946977,  0.01048731,\n",
    "         0.02273729,  0.01211531,  0.02442931]]),\n",
    "\n",
    "    xp.array([[-0.01529171,  0.00908568,  0.01589276, -0.02106293, -0.01478479,\n",
    "         0.01492431,  0.01892285, -0.01578679],\n",
    "       [ 0.00908568, -0.00308596,  0.00265849, -0.0124972 ,  0.00192501,\n",
    "         0.00736245,  0.00198499,  0.00125685],\n",
    "       [ 0.01589276,  0.00265849,  0.00599818,  0.02222196, -0.00996714,\n",
    "         0.02221929, -0.02317897,  0.02080307],\n",
    "       [-0.02106293, -0.0124972 ,  0.02222196, -0.03239903, -0.02772976,\n",
    "         0.00013437, -0.02921603,  0.00858628],\n",
    "       [-0.01478479,  0.00192501, -0.00996714, -0.02772976, -0.02156392,\n",
    "         0.00228373,  0.00747826, -0.02425567],\n",
    "       [ 0.01492431,  0.00736245,  0.02221929,  0.00013437,  0.00228373,\n",
    "         0.01136621, -0.02070328, -0.02090944],\n",
    "       [ 0.01892285,  0.00198499, -0.02317897, -0.02921603,  0.00747826,\n",
    "        -0.02070328,  0.01640265,  0.00665183],\n",
    "       [-0.01578679,  0.00125685,  0.02080307,  0.00858628, -0.02425567,\n",
    "        -0.02090944,  0.00665183, -0.02518694]]),\n",
    "\n",
    "    xp.array([[-0.02101302, -0.02641075,  0.01058269, -0.02154773,  0.02387438,\n",
    "         0.01322487, -0.01446043,  0.00392532],\n",
    "       [-0.02641075, -0.027309  ,  0.0135551 ,  0.03145228, -0.02950795,\n",
    "        -0.02992879,  0.00256984, -0.02154862],\n",
    "       [ 0.01058269,  0.0135551 ,  0.00765711,  0.00523341,  0.00628869,\n",
    "         0.00424484,  0.01491084, -0.00348891],\n",
    "       [-0.02154773,  0.03145228,  0.00523341, -0.0006023 , -0.02017667,\n",
    "        -0.00785015, -0.01726751,  0.02809616],\n",
    "       [ 0.02387438, -0.02950795,  0.00628869, -0.02017667,  0.02847652,\n",
    "         0.01673676, -0.00268942,  0.0034093 ],\n",
    "       [ 0.01322487, -0.02992879,  0.00424484, -0.00785015,  0.01673676,\n",
    "         0.02899308, -0.0173226 , -0.00795323],\n",
    "       [-0.01446043,  0.00256984,  0.01491084, -0.01726751, -0.00268942,\n",
    "        -0.0173226 , -0.01001909, -0.00176161],\n",
    "       [ 0.00392532, -0.02154862, -0.00348891,  0.02809616,  0.0034093 ,\n",
    "        -0.00795323, -0.00176161,  0.02685981]]),\n",
    "\n",
    "    xp.array([[-0.01248809, -0.00465449, -0.0185154 , -0.01898406,  0.0089018 ,\n",
    "        -0.00812549, -0.00285231, -0.02049521],\n",
    "       [-0.00465449, -0.02391487, -0.02605699,  0.00601401, -0.0149064 ,\n",
    "        -0.01843749,  0.02278616, -0.01722478],\n",
    "       [-0.0185154 , -0.02605699, -0.01378609, -0.00805576, -0.0231565 ,\n",
    "        -0.02198021,  0.02766301, -0.02195618],\n",
    "       [-0.01898406,  0.00601401, -0.00805576, -0.00915318,  0.02013614,\n",
    "        -0.01091512, -0.02316181,  0.01006575],\n",
    "       [ 0.0089018 , -0.0149064 , -0.0231565 ,  0.02013614, -0.01440813,\n",
    "        -0.01587021, -0.01325   , -0.01889336],\n",
    "       [-0.00812549, -0.01843749, -0.02198021, -0.01091512, -0.01587021,\n",
    "         0.02714924,  0.00529316,  0.02715301],\n",
    "       [-0.00285231,  0.02278616,  0.02766301, -0.02316181, -0.01325   ,\n",
    "         0.00529316,  0.00319944, -0.03006941],\n",
    "       [-0.02049521, -0.01722478, -0.02195618,  0.01006575, -0.01889336,\n",
    "         0.02715301, -0.03006941, -0.02956456]]),\n",
    "\n",
    "    xp.array([[ 0.00447065, -0.01338754,  0.00533918, -0.01057596,  0.0087412 ,\n",
    "        -0.01287376,  0.00904895, -0.00041513],\n",
    "       [-0.01338754, -0.02614512, -0.00776889, -0.02318552, -0.01760852,\n",
    "         0.02550415, -0.00188145,  0.01237173],\n",
    "       [ 0.00533918, -0.00776889, -0.02921891, -0.01330758, -0.01071598,\n",
    "         0.01118307,  0.01726847, -0.03002102],\n",
    "       [-0.01057596, -0.02318552, -0.01330758, -0.0190962 , -0.01773942,\n",
    "        -0.02044325,  0.00925392, -0.02449537],\n",
    "       [ 0.0087412 , -0.01760852, -0.01071598, -0.01773942,  0.00758368,\n",
    "         0.01957528, -0.01233013,  0.00995172],\n",
    "       [-0.01287376,  0.02550415,  0.01118307, -0.02044325,  0.01957528,\n",
    "         0.02217104,  0.01966878, -0.02618879],\n",
    "       [ 0.00904895, -0.00188145,  0.01726847,  0.00925392, -0.01233013,\n",
    "         0.01966878,  0.00829509,  0.02486231],\n",
    "       [-0.00041513,  0.01237173, -0.03002102, -0.02449537,  0.00995172,\n",
    "        -0.02618879,  0.02486231, -0.03168073]]),\n",
    "\n",
    "    xp.array([[ 0.00447065, -0.01338754,  0.00533918, -0.01057596,  0.0087412 ,\n",
    "        -0.01287376,  0.00904895, -0.00041513],\n",
    "       [-0.01338754, -0.02614512, -0.00776889, -0.02318552, -0.01760852,\n",
    "         0.02550415, -0.00188145,  0.01237173],\n",
    "       [ 0.00533918, -0.00776889, -0.02921891, -0.01330758, -0.01071598,\n",
    "         0.01118307,  0.01726847, -0.03002102],\n",
    "       [-0.01057596, -0.02318552, -0.01330758, -0.0190962 , -0.01773942,\n",
    "        -0.02044325,  0.00925392, -0.02449537],\n",
    "       [ 0.0087412 , -0.01760852, -0.01071598, -0.01773942,  0.00758368,\n",
    "         0.01957528, -0.01233013,  0.00995172],\n",
    "       [-0.01287376,  0.02550415,  0.01118307, -0.02044325,  0.01957528,\n",
    "         0.02217104,  0.01966878, -0.02618879],\n",
    "       [ 0.00904895, -0.00188145,  0.01726847,  0.00925392, -0.01233013,\n",
    "         0.01966878,  0.00829509,  0.02486231],\n",
    "       [-0.00041513,  0.01237173, -0.03002102, -0.02449537,  0.00995172,\n",
    "        -0.02618879,  0.02486231, -0.03168073]]),\n",
    "\n",
    "    xp.array([[ 0.01113962,  0.01102181, -0.02464969, -0.01329433,  0.00365641,\n",
    "         0.00761624,  0.01235853,  0.02575285],\n",
    "       [ 0.01102181,  0.00692442, -0.00934884, -0.00317843, -0.01658929,\n",
    "         0.0108811 , -0.00792316, -0.01456893],\n",
    "       [-0.02464969, -0.00934884,  0.01998556,  0.02591054,  0.02668045,\n",
    "        -0.01201205, -0.00957947,  0.02524445],\n",
    "       [-0.01329433, -0.00317843,  0.02591054, -0.02165147,  0.02620207,\n",
    "        -0.02326615, -0.02106422, -0.02014082],\n",
    "       [ 0.00365641, -0.01658929,  0.02668045,  0.02620207,  0.00115154,\n",
    "        -0.0164785 , -0.00911919, -0.01940569],\n",
    "       [ 0.00761624,  0.0108811 , -0.01201205, -0.02326615, -0.0164785 ,\n",
    "        -0.00596439, -0.0059864 ,  0.0237519 ],\n",
    "       [ 0.01235853, -0.00792316, -0.00957947, -0.02106422, -0.00911919,\n",
    "        -0.0059864 , -0.01758766,  0.02201597],\n",
    "       [ 0.02575285, -0.01456893,  0.02524445, -0.02014082, -0.01940569,\n",
    "         0.0237519 ,  0.02201597,  0.0234406 ]]),\n",
    "\n",
    "    xp.array([[ 1.59332402e-02, -8.64170468e-04,  1.07896599e-02,\n",
    "        -2.44313732e-02, -2.49924926e-02, -9.23654222e-03,\n",
    "        -1.47695715e-02, -9.63453230e-03],\n",
    "       [-8.64170468e-04,  3.20186313e-05,  8.18349494e-03,\n",
    "         2.28186118e-02,  1.81620680e-02,  1.97324353e-02,\n",
    "         2.75623456e-03, -1.63083073e-02],\n",
    "       [ 1.07896599e-02,  8.18349494e-03,  6.89374040e-03,\n",
    "        -8.93128452e-03,  1.63687689e-02, -2.46234804e-02,\n",
    "        -2.58738779e-02, -2.52224098e-02],\n",
    "       [-2.44313732e-02,  2.28186118e-02, -8.93128452e-03,\n",
    "         8.64504786e-03, -7.13683058e-03, -2.95218486e-02,\n",
    "        -1.74809189e-02,  3.21280874e-02],\n",
    "       [-2.49924926e-02,  1.81620680e-02,  1.63687689e-02,\n",
    "        -7.13683058e-03,  9.71968756e-03,  1.87406841e-02,\n",
    "         3.57652918e-03, -2.19689624e-02],\n",
    "       [-9.23654222e-03,  1.97324353e-02, -2.46234804e-02,\n",
    "        -2.95218486e-02,  1.87406841e-02,  8.41242907e-03,\n",
    "         2.42121551e-02, -2.60686852e-02],\n",
    "       [-1.47695715e-02,  2.75623456e-03, -2.58738779e-02,\n",
    "        -1.74809189e-02,  3.57652918e-03,  2.42121551e-02,\n",
    "        -6.77147621e-03, -3.09017729e-03],\n",
    "       [-9.63453230e-03, -1.63083073e-02, -2.52224098e-02,\n",
    "         3.21280874e-02, -2.19689624e-02, -2.60686852e-02,\n",
    "        -3.09017729e-03, -2.64755186e-02]]),\n",
    "\n",
    "    xp.array([[ 0.01001959, -0.01855191,  0.01677798,  0.01870797, -0.00122536,\n",
    "         0.01537124,  0.01203329,  0.0277242 ],\n",
    "       [-0.01855191, -0.02660019,  0.01745555, -0.0241761 , -0.02733068,\n",
    "        -0.02713826,  0.02403311, -0.02030278],\n",
    "       [ 0.01677798,  0.01745555, -0.02411501, -0.01041852,  0.01615795,\n",
    "        -0.02471925, -0.01993148, -0.02240593],\n",
    "       [ 0.01870797, -0.0241761 , -0.01041852, -0.00189994, -0.0159306 ,\n",
    "         0.00985805, -0.01087948, -0.01688569],\n",
    "       [-0.00122536, -0.02733068,  0.01615795, -0.0159306 , -0.00364729,\n",
    "        -0.02912002,  0.01911038, -0.00988883],\n",
    "       [ 0.01537124, -0.02713826, -0.02471925,  0.00985805, -0.02912002,\n",
    "        -0.01627733, -0.02497053,  0.01161151],\n",
    "       [ 0.01203329,  0.02403311, -0.01993148, -0.01087948,  0.01911038,\n",
    "        -0.02497053, -0.01029416, -0.0227814 ],\n",
    "       [ 0.0277242 , -0.02030278, -0.02240593, -0.01688569, -0.00988883,\n",
    "         0.01161151, -0.0227814 , -0.02670684]]),\n",
    "\n",
    "    xp.array([[-0.00374402, -0.02807214,  0.0010209 ,  0.02606124, -0.01853942,\n",
    "         0.01279803, -0.00569422,  0.00469676],\n",
    "       [-0.02807214, -0.0233886 , -0.01967226, -0.02804612,  0.01965105,\n",
    "        -0.01196591, -0.0127998 , -0.02447578],\n",
    "       [ 0.0010209 , -0.01967226,  0.01211801, -0.00139708,  0.01743657,\n",
    "         0.01013923,  0.01778654,  0.00793088],\n",
    "       [ 0.02606124, -0.02804612, -0.00139708, -0.01993447, -0.01051729,\n",
    "         0.00869763, -0.02557603,  0.00403216],\n",
    "       [-0.01853942,  0.01965105,  0.01743657, -0.01051729,  0.01402848,\n",
    "        -0.02997643,  0.0241369 , -0.02538518],\n",
    "       [ 0.01279803, -0.01196591,  0.01013923,  0.00869763, -0.02997643,\n",
    "        -0.02763681,  0.02525687, -0.01384784],\n",
    "       [-0.00569422, -0.0127998 ,  0.01778654, -0.02557603,  0.0241369 ,\n",
    "         0.02525687, -0.02346409, -0.01717207],\n",
    "       [ 0.00469676, -0.02447578,  0.00793088,  0.00403216, -0.02538518,\n",
    "        -0.01384784, -0.01717207,  0.01494097]])\n",
    "])\n",
    "\n",
    "xp.save(\"ConfocalJnonlocals.npy\", Jnonlocals)"
   ]
  },
  {
   "cell_type": "code",
   "execution_count": 3,
   "metadata": {},
   "outputs": [],
   "source": [
    "Jlocals=2.42*xp.ones((10,8))\n",
    "# Jlocals = xp.array([\n",
    "# xp.array([0.2614618 , 0.27433517, 0.21204118, 0.10831249, 0.07385284,\n",
    "#        0.28671323, 0.15146697, 0.43785084]),\n",
    "\n",
    "# xp.array([0.22260246, 0.061623  , 0.35149763, 0.41315058, 0.42024242,\n",
    "#        0.23901901, 0.3360274 , 0.32162899]),\n",
    "\n",
    "# xp.array([0.35206005, 0.39759318, 0.33440083, 0.40601764, 0.36838753,\n",
    "#        0.36979799, 0.14270021, 0.37264269]),\n",
    "      \n",
    "# xp.array([0.21060148, 0.34664371, 0.33628909, 0.33498551, 0.29726477,\n",
    "#        0.40977335, 0.37633074, 0.39130379]),\n",
    "\n",
    "# xp.array([0.21060148, 0.34664371, 0.33628909, 0.33498551, 0.29726477,\n",
    "#        0.40977335, 0.37633074, 0.39130379]),\n",
    "\n",
    "# xp.array([0.39326185, 0.39232447, 0.38332494, 0.27260698, 0.27224867,\n",
    "#        0.36326279, 0.27320803, 0.34662009]),\n",
    "\n",
    "# xp.array([0.31391781, 0.12541217, 0.3431278 , 0.32343016, 0.40713542,\n",
    "#        0.28099398, 0.22447982, 0.35209991]),\n",
    "\n",
    "# xp.array([0.34068929, 0.20872625, 0.36922098, 0.41888054, 0.38874864,\n",
    "#        0.34288211, 0.3223024 , 0.40863063]),\n",
    "\n",
    "# xp.array([0.32023813, 0.35082006, 0.30821375, 0.38399414, 0.40744766,\n",
    "#        0.34264938, 0.31490033, 0.39168136]),\n",
    "\n",
    "# xp.array([0.32023813, 0.35082006, 0.30821375, 0.38399414, 0.40744766,\n",
    "#        0.34264938, 0.31490033, 0.39168136])\n",
    "# ])\n",
    "\n",
    "xp.save(\"ConfocalJlocals.npy\", Jlocals)"
   ]
  },
  {
   "cell_type": "code",
   "execution_count": 14,
   "metadata": {},
   "outputs": [
    {
     "data": {
      "text/plain": [
       "(10, 8, 8)"
      ]
     },
     "execution_count": 14,
     "metadata": {},
     "output_type": "execute_result"
    }
   ],
   "source": [
    "xp.load(\"ConfocalJnonlocals.npy\").shape"
   ]
  },
  {
   "cell_type": "code",
   "execution_count": 15,
   "metadata": {},
   "outputs": [
    {
     "data": {
      "text/plain": [
       "(10, 8)"
      ]
     },
     "execution_count": 15,
     "metadata": {},
     "output_type": "execute_result"
    }
   ],
   "source": [
    "xp.load(\"ConfocalJlocals.npy\").shape"
   ]
  },
  {
   "cell_type": "code",
   "execution_count": null,
   "metadata": {},
   "outputs": [],
   "source": []
  }
 ],
 "metadata": {
  "kernelspec": {
   "display_name": "base",
   "language": "python",
   "name": "python3"
  },
  "language_info": {
   "codemirror_mode": {
    "name": "ipython",
    "version": 3
   },
   "file_extension": ".py",
   "mimetype": "text/x-python",
   "name": "python",
   "nbconvert_exporter": "python",
   "pygments_lexer": "ipython3",
   "version": "3.9.12"
  },
  "orig_nbformat": 4
 },
 "nbformat": 4,
 "nbformat_minor": 2
}
